-57,1025.5418
-56.9,1025.5415
-56.8,1025.5413
-56.7,1025.541
-56.6,1025.5408
-56.5,1025.5406
-56.4,1025.5403
-56.3,1025.5401
-56.2,1025.5399
-56.1,1025.5396
-56,1025.5394
-55.9,1025.5391
-55.8,1025.5389
-55.7,1025.5387
-55.6,1025.5384
-55.5,1025.5382
-55.4,1025.538
-55.3,1025.5377
-55.2,1025.5375
-55.1,1025.5372
-55,1025.537
-54.9,1025.5368
-54.8,1025.5365
-54.7,1025.5363
-54.6,1025.5361
-54.5,1025.5358
-54.4,1025.5356
-54.3,1025.5353
-54.2,1025.5351
-54.1,1025.5349
-54,1025.5346
-53.9,1025.5344
-53.8,1025.5342
-53.7,1025.5339
-53.6,1025.5337
-53.5,1025.5334
-53.4,1025.5332
-53.3,1025.533
-53.2,1025.5327
-53.1,1025.5325
-53,1025.5322
-52.9,1025.532
-52.8,1025.5318
-52.7,1025.5315
-52.6,1025.5313
-52.5,1025.531
-52.4,1025.5308
-52.3,1025.5305
-52.2,1025.5302
-52.1,1025.53
-52,1025.5297
-51.9,1025.5294
-51.8,1025.5292
-51.7,1025.5289
-51.6,1025.5286
-51.5,1025.5283
-51.4,1025.528
-51.3,1025.5277
-51.2,1025.5274
-51.1,1025.5271
-51,1025.5268
-50.9,1025.5265
-50.8,1025.5262
-50.7,1025.5259
-50.6,1025.5256
-50.5,1025.5252
-50.4,1025.5249
-50.3,1025.5246
-50.2,1025.5242
-50.1,1025.5239
-50,1025.5235
-49.9,1025.5232
-49.8,1025.5228
-49.7,1025.5225
-49.6,1025.5221
-49.5,1025.5217
-49.4,1025.5213
-49.3,1025.521
-49.2,1025.5206
-49.1,1025.5202
-49,1025.5198
-48.9,1025.5194
-48.8,1025.519
-48.7,1025.5185
-48.6,1025.5181
-48.5,1025.5177
-48.4,1025.5173
-48.3,1025.5168
-48.2,1025.5164
-48.1,1025.5159
-48,1025.5155
-47.9,1025.515
-47.8,1025.5146
-47.7,1025.5141
-47.6,1025.5136
-47.5,1025.5131
-47.4,1025.5126
-47.3,1025.5121
-47.2,1025.5116
-47.1,1025.5111
-47,1025.5106
-46.9,1025.5101
-46.8,1025.5095
-46.7,1025.509
-46.6,1025.5085
-46.5,1025.5079
-46.4,1025.5073
-46.3,1025.5068
-46.2,1025.5062
-46.1,1025.5056
-46,1025.505
-45.9,1025.5044
-45.8,1025.5038
-45.7,1025.5032
-45.6,1025.5026
-45.5,1025.502
-45.4,1025.5013
-45.3,1025.5007
-45.2,1025.5
-45.1,1025.4993
-45,1025.4987
-44.9,1025.498
-44.8,1025.4973
-44.7,1025.4966
-44.6,1025.4959
-44.5,1025.4952
-44.4,1025.4944
-44.3,1025.4937
-44.2,1025.493
-44.1,1025.4922
-44,1025.4914
-43.9,1025.4907
-43.8,1025.4899
-43.7,1025.4891
-43.6,1025.4883
-43.5,1025.4874
-43.4,1025.4866
-43.3,1025.4858
-43.2,1025.4849
-43.1,1025.4841
-43,1025.4832
-42.9,1025.4823
-42.8,1025.4814
-42.7,1025.4805
-42.6,1025.4796
-42.5,1025.4786
-42.4,1025.4777
-42.3,1025.4767
-42.2,1025.4758
-42.1,1025.4748
-42,1025.4738
-41.9,1025.4728
-41.8,1025.4718
-41.7,1025.4707
-41.6,1025.4697
-41.5,1025.4686
-41.4,1025.4675
-41.3,1025.4664
-41.2,1025.4653
-41.1,1025.4642
-41,1025.4631
-40.9,1025.4619
-40.8,1025.4608
-40.7,1025.4596
-40.6,1025.4584
-40.5,1025.4572
-40.4,1025.456
-40.3,1025.4547
-40.2,1025.4535
-40.1,1025.4522
-40,1025.4509
-39.9,1025.4496
-39.8,1025.4483
-39.7,1025.4469
-39.6,1025.4456
-39.5,1025.4442
-39.4,1025.4428
-39.3,1025.4414
-39.2,1025.44
-39.1,1025.4385
-39,1025.4371
-38.9,1025.4356
-38.8,1025.4341
-38.7,1025.4326
-38.6,1025.431
-38.5,1025.4295
-38.4,1025.4279
-38.3,1025.4263
-38.2,1025.4246
-38.1,1025.423
-38,1025.4213
-37.9,1025.4197
-37.8,1025.4179
-37.7,1025.4162
-37.6,1025.4145
-37.5,1025.4127
-37.4,1025.4109
-37.3,1025.4091
-37.2,1025.4072
-37.1,1025.4054
-37,1025.4035
-36.9,1025.4016
-36.8,1025.3996
-36.7,1025.3977
-36.6,1025.3957
-36.5,1025.3937
-36.4,1025.3916
-36.3,1025.3896
-36.2,1025.3875
-36.1,1025.3854
-36,1025.3832
-35.9,1025.381
-35.8,1025.3788
-35.7,1025.3766
-35.6,1025.3744
-35.5,1025.3721
-35.4,1025.3698
-35.3,1025.3674
-35.2,1025.3651
-35.1,1025.3627
-35,1025.3602
-34.9,1025.3578
-34.8,1025.3553
-34.7,1025.3528
-34.6,1025.3502
-34.5,1025.3477
-34.4,1025.345
-34.3,1025.3424
-34.2,1025.3397
-34.1,1025.337
-34,1025.3342
-33.9,1025.3315
-33.8,1025.3287
-33.7,1025.3258
-33.6,1025.3229
-33.5,1025.32
-33.4,1025.317
-33.3,1025.3141
-33.2,1025.311
-33.1,1025.308
-33,1025.3049
-32.9,1025.3017
-32.8,1025.2985
-32.7,1025.2953
-32.6,1025.2921
-32.5,1025.2888
-32.4,1025.2854
-32.3,1025.282
-32.2,1025.2786
-32.1,1025.2752
-32,1025.2717
-31.9,1025.2681
-31.8,1025.2645
-31.7,1025.2609
-31.6,1025.2572
-31.5,1025.2535
-31.4,1025.2497
-31.3,1025.2459
-31.2,1025.2421
-31.1,1025.2382
-31,1025.2342
-30.9,1025.2303
-30.8,1025.2262
-30.7,1025.2221
-30.6,1025.218
-30.5,1025.2138
-30.4,1025.2096
-30.3,1025.2053
-30.2,1025.201
-30.1,1025.1966
-30,1025.1922
-29.9,1025.1877
-29.8,1025.1831
-29.7,1025.1785
-29.6,1025.1739
-29.5,1025.1692
-29.4,1025.1644
-29.3,1025.1596
-29.2,1025.1548
-29.1,1025.1499
-29,1025.1449
-28.9,1025.1399
-28.8,1025.1348
-28.7,1025.1296
-28.6,1025.1244
-28.5,1025.1191
-28.4,1025.1138
-28.3,1025.1084
-28.2,1025.103
-28.1,1025.0975
-28,1025.0919
-27.9,1025.0863
-27.8,1025.0806
-27.7,1025.0749
-27.6,1025.069
-27.5,1025.0632
-27.4,1025.0572
-27.3,1025.0512
-27.2,1025.0451
-27.1,1025.039
-27,1025.0328
-26.9,1025.0265
-26.8,1025.0201
-26.7,1025.0137
-26.6,1025.0072
-26.5,1025.0007
-26.4,1024.994
-26.3,1024.9873
-26.2,1024.9806
-26.1,1024.9737
-26,1024.9668
-25.9,1024.9598
-25.8,1024.9528
-25.7,1024.9456
-25.6,1024.9384
-25.5,1024.9312
-25.4,1024.9238
-25.3,1024.9164
-25.2,1024.9089
-25.1,1024.9013
-25,1024.8936
-24.9,1024.8859
-24.8,1024.878
-24.7,1024.8701
-24.6,1024.8622
-24.5,1024.8541
-24.4,1024.846
-24.3,1024.8377
-24.2,1024.8294
-24.1,1024.821
-24,1024.8126
-23.9,1024.804
-23.8,1024.7954
-23.7,1024.7867
-23.6,1024.7779
-23.5,1024.769
-23.4,1024.76
-23.3,1024.7509
-23.2,1024.7418
-23.1,1024.7326
-23,1024.7232
-22.9,1024.7138
-22.8,1024.7043
-22.7,1024.6948
-22.6,1024.6851
-22.5,1024.6753
-22.4,1024.6655
-22.3,1024.6555
-22.2,1024.6455
-22.1,1024.6354
-22,1024.6252
-21.9,1024.6149
-21.8,1024.6045
-21.7,1024.594
-21.6,1024.5835
-21.5,1024.5728
-21.4,1024.562
-21.3,1024.5512
-21.2,1024.5403
-21.1,1024.5292
-21,1024.5181
-20.9,1024.5069
-20.8,1024.4956
-20.7,1024.4842
-20.6,1024.4727
-20.5,1024.4611
-20.4,1024.4494
-20.3,1024.4376
-20.2,1024.4257
-20.1,1024.4138
-20,1024.4017
-19.9,1024.3896
-19.8,1024.3773
-19.7,1024.365
-19.6,1024.3525
-19.5,1024.34
-19.4,1024.3274
-19.3,1024.3147
-19.2,1024.3019
-19.1,1024.289
-19,1024.276
-18.9,1024.2629
-18.8,1024.2497
-18.7,1024.2364
-18.6,1024.223
-18.5,1024.2096
-18.4,1024.196
-18.3,1024.1824
-18.2,1024.1686
-18.1,1024.1548
-18,1024.1409
-17.9,1024.1269
-17.8,1024.1128
-17.7,1024.0986
-17.6,1024.0843
-17.5,1024.0699
-17.4,1024.0555
-17.3,1024.0409
-17.2,1024.0263
-17.1,1024.0116
-17,1023.9968
-16.9,1023.9819
-16.8,1023.9669
-16.7,1023.9518
-16.6,1023.9367
-16.5,1023.9215
-16.4,1023.9061
-16.3,1023.8907
-16.2,1023.8753
-16.1,1023.8597
-16,1023.8441
-15.9,1023.8283
-15.8,1023.8126
-15.7,1023.7967
-15.6,1023.7807
-15.5,1023.7647
-15.4,1023.7486
-15.3,1023.7324
-15.2,1023.7162
-15.1,1023.6998
-15,1023.6835
-14.9,1023.667
-14.8,1023.6505
-14.7,1023.6339
-14.6,1023.6172
-14.5,1023.6005
-14.4,1023.5837
-14.3,1023.5668
-14.2,1023.5499
-14.1,1023.5329
-14,1023.5158
-13.9,1023.4987
-13.8,1023.4816
-13.7,1023.4643
-13.6,1023.4471
-13.5,1023.4297
-13.4,1023.4124
-13.3,1023.3949
-13.2,1023.3774
-13.1,1023.3599
-13,1023.3423
-12.9,1023.3247
-12.8,1023.307
-12.7,1023.2893
-12.6,1023.2715
-12.5,1023.2537
-12.4,1023.2359
-12.3,1023.218
-12.2,1023.2001
-12.1,1023.1822
-12,1023.1642
-11.9,1023.1462
-11.8,1023.1281
-11.7,1023.1101
-11.6,1023.092
-11.5,1023.0738
-11.4,1023.0557
-11.3,1023.0375
-11.2,1023.0193
-11.1,1023.0011
-11,1022.9829
-10.9,1022.9647
-10.8,1022.9464
-10.7,1022.9281
-10.6,1022.9098
-10.5,1022.8916
-10.4,1022.8733
-10.3,1022.8549
-10.2,1022.8366
-10.1,1022.8183
-10,1022.8
-9.9,1022.7817
-9.8,1022.7634
-9.7,1022.7451
-9.6,1022.7267
-9.5,1022.7084
-9.4,1022.6902
-9.3,1022.6719
-9.2,1022.6536
-9.1,1022.6353
-9,1022.6171
-8.9,1022.5989
-8.8,1022.5807
-8.7,1022.5625
-8.6,1022.5443
-8.5,1022.5262
-8.4,1022.508
-8.3,1022.4899
-8.2,1022.4719
-8.1,1022.4538
-8,1022.4358
-7.9,1022.4178
-7.8,1022.3999
-7.7,1022.382
-7.6,1022.3641
-7.5,1022.3463
-7.4,1022.3285
-7.3,1022.3107
-7.2,1022.293
-7.1,1022.2753
-7,1022.2577
-6.9,1022.2401
-6.8,1022.2226
-6.7,1022.2051
-6.6,1022.1877
-6.5,1022.1703
-6.4,1022.1531
-6.3,1022.1359
-6.2,1022.119
-6.1,1022.1023
-6,1022.0859
-5.9,1022.0701
-5.8,1022.0549
-5.7,1022.0406
-5.6,1022.0274
-5.5,1022.0154
-5.4,1022.0047
-5.3,1021.9955
-5.2,1021.9878
-5.1,1021.9816
-5,1021.9767
-4.9,1021.973
-4.8,1021.9703
-4.7,1021.9685
-4.6,1021.9672
-4.5,1021.9665
-4.4,1021.966
-4.3,1021.9657
-4.2,1021.9656
-4.1,1021.9655
-4,1021.9655
-3.9,1021.9655
-3.8,1021.9655
-3.7,1021.9655
-3.6,1021.9655
-3.5,1021.9655
-3.4,1021.9655
-3.3,1021.9655
-3.2,1021.9655
-3.1,1021.9655
-3,1021.9655
-2.9,1021.9655
-2.8,1021.9655
-2.7,1021.9655
-2.6,1021.9655
-2.5,1021.9655
-2.4,1021.9655
-2.3,1021.9655
-2.2,1021.9655
-2.1,1021.9655
-2,1021.9655
-1.9,1021.9655
-1.8,1021.9655
-1.7,1021.9655
-1.6,1021.9655
-1.5,1021.9655
-1.4,1021.9655
-1.3,1021.9655
-1.2,1021.9655
-1.1,1021.9655
-1,1021.9655
-0.9,1021.9655
-0.8,1021.9655
-0.7,1021.9655
-0.6,1021.9655
-0.5,1021.9655
-0.4,1021.9655
-0.3,1021.9655
-0.2,1021.9655
-0.1,1021.9655
-0,1021.9655
